1 21.1292 21.0429 17.2491
1 21.1290 21.0428 17.2286
1 16.8507 16.8391 2.3103
2 8.8347 8.8123 4.4730
3 6.3269 6.2955 6.2750
4 3.6745 3.6311 8.6733
5 2.2986 2.2443 10.8675
6 1.5953 1.5313 12.8055
7 1.0171 0.9462 14.1778
8 0.5717 0.4997 14.4074
9 0.4042 0.3334 14.1410
10 0.0457 0.0071 7.7239
11 0.6902 0.6369 10.6534
12 0.2453 0.1860 11.8419
13 0.2378 0.1828 10.9929
14 0.0316 0.0036 5.5932
15 0.5326 0.4850 9.5057
16 0.0482 0.0091 7.8190
17 0.3580 0.3022 11.1642
18 0.0303 0.0036 5.3484
19 0.5589 0.5305 5.6741
20 0.0748 0.0214 10.6818
21 0.1910 0.1640 5.4050
22 0.2463 0.1897 11.3244
23 0.3122 0.2670 9.0441
24 0.0446 0.0055 7.8261
25 0.0233 0.0023 4.2132
26 0.0155 0.0015 2.8010
27 0.5771 0.5169 12.0407
28 0.2135 0.1752 7.6660
29 0.0880 0.0390 9.7937
30 0.0248 0.0021 4.5382
31 0.0159 0.0014 2.8992
32 0.0109 0.0010 1.9949
33 0.7937 0.7353 11.6860
34 0.0404 0.0056 6.9676
35 0.2176 0.1677 9.9822
36 0.0347 0.0040 6.1313
37 0.0219 0.0013 4.1257
38 0.0139 0.0010 2.5806
39 0.5053 0.4933 2.3951
40 0.2759 0.2166 11.8687
41 0.0334 0.0024 6.1913
42 0.2735 0.2333 8.0380
43 0.0403 0.0028 7.4958
44 0.0280 0.0016 5.2814
45 0.0264 0.0016 4.9454
46 0.0246 0.0016 4.6004
47 0.0227 0.0015 4.2334
48 0.0207 0.0014 3.8485
49 0.0186 0.0014 3.4573
50 0.0166 0.0013 3.0611
51 0.0146 0.0012 2.6767
52 0.0127 0.0011 2.3140
53 0.0109 0.0010 1.9728
54 0.0092 0.0009 1.6637
55 0.0167 0.0069 1.9507
56 0.0092 0.0006 1.7210
57 0.0079 0.0005 1.4845
58 0.0069 0.0005 1.2743
59 0.0059 0.0005 1.0877
60 0.0050 0.0004 0.9190
61 0.0164 0.0109 1.0809
62 0.0063 0.0003 1.2041
63 0.0055 0.0002 1.0467
64 0.0049 0.0002 0.9274
65 0.0044 0.0002 0.8263
66 0.0039 0.0002 0.7353
67 0.0035 0.0002 0.6555
68 0.0031 0.0002 0.5797
69 0.0028 0.0002 0.5129
70 0.0262 0.0231 0.6218
71 0.0044 0.0002 0.8229
72 0.0039 0.0001 0.7590
73 0.0036 0.0001 0.6978
74 0.0033 0.0001 0.6362
75 0.0030 0.0001 0.5811
76 0.0028 0.0001 0.5337
77 0.0026 0.0001 0.4898
78 0.0023 0.0001 0.4446
79 0.0022 0.0001 0.4058
80 0.0156 0.0135 0.4183
81 0.0039 0.0003 0.7093
82 0.0033 0.0001 0.6479
83 0.0030 0.0001 0.5862
84 0.0027 0.0001 0.5275
85 0.0024 0.0001 0.4730
86 0.0023 0.0001 0.4308
87 0.0167 0.0143 0.4778
88 0.0047 0.0011 0.7129
89 0.0034 0.0001 0.6542
90 0.0031 0.0001 0.6023
91 0.0029 0.0001 0.5691
92 0.0029 0.0001 0.5622
93 0.0028 0.0001 0.5539
94 0.0028 0.0001 0.5431
95 0.0027 0.0001 0.5307
96 0.0027 0.0001 0.5161
97 0.0026 0.0001 0.4979
98 0.0025 0.0001 0.4786
99 0.0024 0.0001 0.4571
100 0.0023 0.0001 0.4330
